     1   0.0001   0.4000   0.0001   0.1549   0.0576   0.3706   0.3690   0.2097   0.0066   0.0007  -0.0955    0.248
     2   0.0008   0.3998   0.0004   0.1549   0.0574   0.3879   0.3861   0.0396   0.0067   0.0007  -0.0955    0.248
     3   0.0022   0.3994   0.0007   0.1549   0.0571   0.3896   0.3879   0.0260   0.0067   0.0007  -0.0956    0.248
     4   0.0044   0.3988   0.0010   0.1549   0.0568   0.3901   0.3884   0.0258   0.0067   0.0008  -0.0956    0.248
     5   0.0072   0.3981   0.0013   0.1549   0.0565   0.3910   0.3893   0.0240   0.0066   0.0009  -0.0957    0.248
     6   0.0107   0.3971   0.0015   0.1549   0.0562   0.3919   0.3902   0.0235   0.0066   0.0010  -0.0958    0.247
     7   0.0150   0.3960   0.0018   0.1548   0.0559   0.3930   0.3913   0.0228   0.0066   0.0012  -0.0959    0.247
     8   0.0199   0.3947   0.0021   0.1548   0.0556   0.3943   0.3926   0.0215   0.0066   0.0013  -0.0960    0.247
     9   0.0255   0.3932   0.0023   0.1547   0.0553   0.3952   0.3934   0.0257   0.0066   0.0015  -0.0962    0.246
    10   0.0318   0.3915   0.0026   0.1546   0.0550   0.3972   0.3954   0.0202   0.0066   0.0017  -0.0963    0.246
    11   0.0387   0.3897   0.0028   0.1545   0.0547   0.3992   0.3974   0.0152   0.0065   0.0019  -0.0965    0.245
    12   0.0462   0.3877   0.0031   0.1543   0.0543   0.4003   0.3986   0.0203   0.0065   0.0021  -0.0967    0.245
    13   0.0544   0.3855   0.0033   0.1541   0.0540   0.4023   0.4005   0.0180   0.0065   0.0022  -0.0970    0.244
    14   0.0632   0.3831   0.0035   0.1538   0.0537   0.4048   0.4030   0.0119   0.0065   0.0024  -0.0973    0.244
    15   0.0726   0.3806   0.0037   0.1536   0.0534   0.4041   0.4024   0.0373   0.0064   0.0026  -0.0976    0.244
    16   0.0825   0.3780   0.0039   0.1532   0.0530   0.4090   0.4072   0.0085   0.0064   0.0027  -0.0979    0.243
    17   0.0931   0.3752   0.0040   0.1529   0.0527   0.4087   0.4069   0.0316   0.0063   0.0029  -0.0983    0.243
    18   0.1041   0.3722   0.0042   0.1524   0.0524   0.4121   0.4103   0.0188   0.0063   0.0030  -0.0986    0.243
    19   0.1157   0.3692   0.0044   0.1519   0.0520   0.4156   0.4138   0.0043   0.0063   0.0031  -0.0990    0.242
    20   0.1277   0.3659   0.0045   0.1514   0.0517   0.4162   0.4143   0.0199   0.0062   0.0033  -0.0994    0.242
    21   0.1403   0.3626   0.0046   0.1507   0.0514   0.4172   0.4153   0.0312   0.0062   0.0034  -0.0999    0.242
    22   0.1533   0.3591   0.0047   0.1501   0.0511   0.4207   0.4188   0.0172   0.0062   0.0035  -0.1003    0.242
    23   0.1667   0.3556   0.0048   0.1493   0.0507   0.4234   0.4215   0.0108   0.0061   0.0035  -0.1007    0.242
    24   0.1805   0.3519   0.0049   0.1485   0.0504   0.4249   0.4230   0.0168   0.0061   0.0036  -0.1011    0.241
    25   0.1946   0.3481   0.0050   0.1476   0.0501   0.4254   0.4235   0.0320   0.0061   0.0037  -0.1016    0.241
    26   0.2091   0.3442   0.0051   0.1466   0.0499   0.4285   0.4266   0.0209   0.0060   0.0037  -0.1020    0.241
    27   0.2240   0.3403   0.0051   0.1456   0.0499   0.4308   0.4289   0.0165   0.0060   0.0037  -0.1025    0.241
    28   0.2391   0.3362   0.0051   0.1445   0.0508   0.4324   0.4305   0.0201   0.0060   0.0037  -0.1030    0.241
    29   0.2545   0.3321   0.0051   0.1432   0.0494   0.4346   0.4327   0.0122   0.0060   0.0038  -0.1032    0.241
    30   0.2701   0.3280   0.0052   0.1419   0.0488   0.4375   0.4355  -0.0024   0.0060   0.0039  -0.1035    0.241
    31   0.2859   0.3238   0.0051   0.1405   0.0485   0.4384   0.4365   0.0007   0.0060   0.0040  -0.1037    0.241
    32   0.3018   0.3195   0.0051   0.1390   0.0483   0.4369   0.4349   0.0278   0.0059   0.0041  -0.1039    0.241
    33   0.3180   0.3152   0.0051   0.1374   0.0482   0.4408   0.4388  -0.0014   0.0060   0.0042  -0.1040    0.240
    34   0.3342   0.3109   0.0051   0.1358   0.0481   0.4420   0.4401  -0.0064   0.0060   0.0043  -0.1041    0.240
    35   0.3505   0.3065   0.0050   0.1340   0.0480   0.4419   0.4399   0.0009   0.0060   0.0044  -0.1042    0.240
    36   0.3668   0.3022   0.0049   0.1322   0.0479   0.4417   0.4398   0.0054   0.0060   0.0045  -0.1041    0.240
    37   0.3832   0.2978   0.0049   0.1303   0.0479   0.4408   0.4388   0.0153   0.0060   0.0046  -0.1040    0.240
    38   0.3995   0.2935   0.0048   0.1283   0.0479   0.4406   0.4387   0.0143   0.0060   0.0047  -0.1039    0.239
    39   0.4158   0.2891   0.0047   0.1263   0.0480   0.4409   0.4390   0.0052   0.0061   0.0048  -0.1036    0.239
    40   0.4320   0.2848   0.0046   0.1241   0.0481   0.4387   0.4368   0.0184   0.0061   0.0050  -0.1032    0.239
    41   0.4482   0.2805   0.0045   0.1219   0.0483   0.4381   0.4362   0.0110   0.0062   0.0052  -0.1027    0.238
    42   0.4641   0.2762   0.0044   0.1196   0.0485   0.4353   0.4334   0.0220   0.0062   0.0054  -0.1021    0.238
    43   0.4799   0.2720   0.0043   0.1172   0.0488   0.4348   0.4329   0.0060   0.0067   0.0056  -0.1013    0.237
    44   0.4955   0.2679   0.0041   0.1147   0.0492   0.4311   0.4292   0.0179   0.0084   0.0058  -0.1005    0.236
    45   0.5109   0.2638   0.0040   0.1121   0.0496   0.4283   0.4264   0.0178   0.0114   0.0061  -0.0995    0.236
    46   0.5260   0.2597   0.0039   0.1094   0.0501   0.4240   0.4221   0.0270   0.0153   0.0064  -0.0984    0.235
    47   0.5409   0.2558   0.0038   0.1066   0.0507   0.4220   0.4202   0.0083   0.0208   0.0068  -0.0971    0.234
    48   0.5554   0.2519   0.0036   0.1038   0.0513   0.4153   0.4134   0.0309   0.0260   0.0071  -0.0956    0.233
    49   0.5695   0.2481   0.0035   0.1008   0.0521   0.4116   0.4098   0.0173   0.0329   0.0075  -0.0940    0.232
    50   0.5833   0.2444   0.0033   0.0977   0.0529   0.4033   0.4015   0.0416   0.0388   0.0079  -0.0922    0.230
    51   0.5967   0.2409   0.0032   0.0946   0.0537   0.3958   0.3941   0.0500   0.0456   0.0084  -0.0901    0.229
    52   0.6097   0.2374   0.0030   0.0913   0.0547   0.3881   0.3864   0.0525   0.0527   0.0089  -0.0878    0.227
    53   0.6223   0.2341   0.0029   0.0879   0.0557   0.3789   0.3772   0.0610   0.0594   0.0094  -0.0852    0.225
    54   0.6343   0.2308   0.0027   0.0844   0.0567   0.3695   0.3679   0.0615   0.0664   0.0099  -0.0824    0.223
    55   0.6459   0.2278   0.0026   0.0808   0.0579   0.3575   0.3559   0.0773   0.0721   0.0104  -0.0794    0.221
    56   0.6569   0.2248   0.0024   0.0770   0.0590   0.3459   0.3443   0.0787   0.0783   0.0109  -0.0761    0.218
    57   0.6675   0.2220   0.0023   0.0732   0.0601   0.3323   0.3308   0.0878   0.0835   0.0113  -0.0725    0.216
    58   0.6774   0.2194   0.0021   0.0692   0.0614   0.3187   0.3173   0.0864   0.0890   0.0118  -0.0687    0.213
    59   0.6868   0.2169   0.0020   0.0651   0.0625   0.3025   0.3012   0.0986   0.0931   0.0121  -0.0647    0.210
    60   0.6956   0.2145   0.0018   0.0609   0.0638   0.2865   0.2853   0.0976   0.0979   0.0124  -0.0605    0.207
    61   0.7038   0.2123   0.0017   0.0565   0.0650   0.2687   0.2675   0.1031   0.1023   0.0125  -0.0561    0.203
    62   0.7113   0.2103   0.0015   0.0521   0.0661   0.2502   0.2491   0.1054   0.1073   0.0125  -0.0516    0.200
    63   0.7182   0.2085   0.0014   0.0475   0.0672   0.2298   0.2288   0.1153   0.1125   0.0124  -0.0470    0.196
    64   0.7245   0.2068   0.0012   0.0428   0.0683   0.2079   0.2069   0.1311   0.1189   0.0120  -0.0423    0.192
    65   0.7301   0.2053   0.0011   0.0381   0.0693   0.1858   0.1850   0.1412   0.1285   0.0114  -0.0378    0.188
    66   0.7350   0.2040   0.0009   0.0332   0.0702   0.1639   0.1632   0.1464   0.1436   0.0106  -0.0333    0.185
    67   0.7393   0.2029   0.0008   0.0282   0.0711   0.1411   0.1405   0.1601   0.1660   0.0096  -0.0291    0.182
    68   0.7428   0.2019   0.0006   0.0232   0.0719   0.1154   0.1149   0.2030   0.1969   0.0083  -0.0251    0.178
    69   0.7456   0.2012   0.0005   0.0181   0.0726   0.0910   0.0906   0.2529   0.2535   0.0067  -0.0219    0.176
    70   0.7478   0.2006   0.0004   0.0130   0.0732   0.0653   0.0650   0.3571   0.3565   0.0049  -0.0199    0.174
    71   0.7492   0.2002   0.0002   0.0078   0.0736   0.0395   0.0393   0.6048   0.6062   0.0030  -0.0216    0.173
    72   0.7499   0.2000   0.0001   0.0026   0.0739   0.0132   0.0131   1.8522   1.8524   0.0010  -0.0478    0.171
