 0.53947E-03  0.60490E-04
   0.25354E-03  0.57658E-04
   0.76738E-04  0.58683E-04
   0.28454E-05  0.58742E-04
   0.28901E-04  0.61073E-04
   0.16031E-03  0.58362E-04
   0.40828E-03  0.59298E-04
   0.78719E-03  0.58829E-04
   0.13130E-02  0.60559E-04
   0.19945E-02  0.63119E-04
   0.28344E-02  0.64577E-04
   0.38362E-02  0.67461E-04
   0.50057E-02  0.71826E-04
   0.63525E-02  0.77598E-04
   0.78843E-02  0.87272E-04
   0.96067E-02  0.98027E-04
   0.11524E-01  0.11066E-03
   0.13634E-01  0.12464E-03
   0.15934E-01  0.13726E-03
   0.18441E-01  0.15006E-03
   0.21178E-01  0.16301E-03
   0.24169E-01  0.17611E-03
   0.27442E-01  0.18722E-03
   0.31034E-01  0.19653E-03
   0.34989E-01  0.20511E-03
   0.39349E-01  0.21136E-03
   0.44152E-01  0.21670E-03
   0.49429E-01  0.21975E-03
   0.55204E-01  0.22384E-03
   0.61490E-01  0.22747E-03
   0.68291E-01  0.23164E-03
   0.75590E-01  0.23700E-03
   0.83366E-01  0.24301E-03
   0.91583E-01  0.25009E-03
   0.10020      0.25779E-03
   0.10918      0.26653E-03
   0.11848      0.27581E-03
   0.12810      0.28621E-03
   0.13802      0.29831E-03
   0.14826      0.31143E-03
   0.15882      0.32548E-03
   0.16972      0.34142E-03
   0.18097      0.35748E-03
   0.19259      0.37437E-03
   0.20456      0.39172E-03
   0.21686      0.40848E-03
   0.22946      0.42498E-03
   0.24230      0.44049E-03
   0.25531      0.45435E-03
   0.26842      0.46737E-03
   0.28154      0.47848E-03
   0.29459      0.48924E-03
   0.30754      0.49962E-03
   0.32040      0.51160E-03
   0.33319      0.52512E-03
   0.34597      0.54115E-03
   0.35881      0.55976E-03
   0.37178      0.58055E-03
   0.38493      0.60249E-03
   0.39827      0.62488E-03
   0.41183      0.64656E-03
   0.42561      0.66669E-03
   0.43959      0.68515E-03
   0.45374      0.70231E-03
   0.46802      0.71872E-03
   0.48240      0.73459E-03
   0.49683      0.74993E-03
   0.51127      0.76489E-03
   0.52568      0.77960E-03
   0.54005      0.79420E-03
   0.55436      0.80874E-03
   0.56862      0.82323E-03
   0.58283      0.83756E-03
   0.59701      0.98305E-03
   0.61116      0.10928E-02
   0.62528      0.11558E-02
   0.63938      0.12007E-02
   0.65347      0.12457E-02
   0.66757      0.12967E-02
   0.68169      0.13547E-02
   0.69587      0.14214E-02
   0.71015      0.14945E-02
   0.72456      0.15752E-02
   0.73911      0.16616E-02
   0.75381      0.17540E-02
   0.76867      0.18512E-02
   0.78368      0.19533E-02
   0.79880      0.20582E-02
   0.81397      0.21658E-02
   0.82914      0.22747E-02
   0.84428      0.23843E-02
   0.85934      0.24939E-02
   0.87432      0.26039E-02
   0.88918      0.27149E-02
   0.90387      0.28273E-02
   0.91823      0.29439E-02
   0.93204      0.30690E-02
   0.94510      0.32035E-02
   0.95724      0.33518E-02
   0.96834      0.35175E-02
   0.97836      0.36997E-02
   0.98730      0.38938E-02
   0.99523      0.41094E-02
    1.0000      0.41682E-02
    1.0001      0.59150E-02
    1.0048      0.59819E-02
    1.0101      0.61342E-02
    1.0163      0.62457E-02
    1.0233      0.63181E-02
    1.0312      0.63406E-02
    1.0403      0.63073E-02
    1.0507      0.62190E-02
    1.0626      0.60844E-02
    1.0762      0.59185E-02
    1.0916      0.57385E-02
    1.1092      0.55595E-02
    1.1294      0.53921E-02
    1.1523      0.52412E-02
    1.1786      0.51081E-02
    1.2085      0.49921E-02
    1.2426      0.48913E-02
    1.2815      0.48038E-02
    1.3260      0.47278E-02