   0.94225E-03  0.13487E-03
   0.14693E-02  0.13498E-03
   0.21248E-02  0.12804E-03
   0.29121E-02  0.13948E-03
   0.38351E-02  0.13614E-03
   0.48990E-02  0.13842E-03
   0.61110E-02  0.14867E-03
   0.74757E-02  0.15278E-03
   0.89933E-02  0.16428E-03
   0.10665E-01  0.17785E-03
   0.12491E-01  0.19129E-03
   0.14474E-01  0.21252E-03
   0.16623E-01  0.23979E-03
   0.18950E-01  0.27918E-03
   0.21473E-01  0.31835E-03
   0.24209E-01  0.37425E-03
   0.27175E-01  0.42026E-03
   0.30409E-01  0.48049E-03
   0.33958E-01  0.53726E-03
   0.37878E-01  0.60270E-03
   0.42226E-01  0.63012E-03
   0.47064E-01  0.65162E-03
   0.52455E-01  0.66000E-03
   0.58466E-01  0.65846E-03
   0.65178E-01  0.65251E-03
   0.72661E-01  0.64852E-03
   0.80952E-01  0.66064E-03
   0.90033E-01  0.68098E-03
   0.99857E-01  0.71116E-03
   0.11039      0.74813E-03
   0.12159      0.79560E-03
   0.13343      0.84050E-03
   0.14586      0.89135E-03
   0.15880      0.93674E-03
   0.17217      0.97891E-03
   0.18582      0.10077E-02
   0.19960      0.10355E-02
   0.21343      0.10627E-02
   0.22730      0.10982E-02
   0.24122      0.11356E-02
   0.25521      0.11827E-02
   0.26929      0.12259E-02
   0.28346      0.12761E-02
   0.29771      0.13211E-02
   0.31204      0.13709E-02
   0.32645      0.14201E-02
   0.34094      0.14707E-02
   0.35551      0.15228E-02
   0.37016      0.15778E-02
   0.38491      0.16329E-02
   0.39975      0.16917E-02
   0.41469      0.17468E-02
   0.42973      0.18007E-02
   0.44486      0.18515E-02
   0.46005      0.18975E-02
   0.47527      0.19355E-02
   0.49050      0.19687E-02
   0.50569      0.19982E-02
   0.52082      0.20259E-02
   0.53587      0.20573E-02
   0.55084      0.20946E-02
   0.56573      0.21422E-02
   0.58058      0.22031E-02
   0.59542      0.22834E-02
   0.61028      0.23841E-02
   0.62522      0.25055E-02
   0.64028      0.26475E-02
   0.65549      0.28030E-02
   0.67084      0.29685E-02
   0.68630      0.31403E-02
   0.70180      0.33073E-02
   0.71729      0.34618E-02
   0.73272      0.36029E-02
   0.74811      0.37258E-02
   0.76349      0.38282E-02
   0.77888      0.39121E-02
   0.79424      0.39916E-02
   0.80944      0.40789E-02
   0.82439      0.42055E-02
   0.83908      0.43929E-02
   0.85356      0.46548E-02
   0.86789      0.49930E-02
   0.88201      0.53811E-02
   0.89565      0.57617E-02
   0.90855      0.60607E-02
   0.92063      0.62278E-02
   0.93197      0.62371E-02
   0.94265      0.60884E-02
   0.95258      0.58548E-02
   0.96157      0.56152E-02
   0.96963      0.55173E-02
   0.97690      0.56872E-02
   0.98358      0.62723E-02
   0.98986      0.74074E-02
   0.99593      0.93051E-02
    1.0000      0.10982E-01
    1.0001      0.21058E-01
    1.0048      0.20518E-01
    1.0101      0.19448E-01
    1.0163      0.18253E-01
    1.0233      0.16955E-01
    1.0312      0.15593E-01
    1.0403      0.14212E-01
    1.0507      0.12861E-01
    1.0626      0.11589E-01
    1.0762      0.10436E-01
    1.0916      0.94246E-02
    1.1092      0.85598E-02
    1.1294      0.78332E-02
    1.1523      0.72278E-02
    1.1786      0.67247E-02
    1.2085      0.63064E-02
    1.2426      0.59581E-02
    1.2815      0.56675E-02
    1.3260      0.54256E-02
    1.3767      0.52248E-02
    1.4346      0.50587E-02
    1.5006      0.49220E-02
    1.5760      0.48098E-02
    1.6620      0.47181E-02
    1.7601      0.46432E-02
    1.8721      0.45822E-02
    1.9999      0.45303E-02

