   1.00000  0.00158  0.18455
   0.99523  0.00265  0.17886
   0.98730  0.00440  0.15555
   0.97836  0.00630  0.13298
   0.96834  0.00838  0.11030
   0.95724  0.01062  0.08846
   0.94510  0.01301  0.06801
   0.93204  0.01555  0.04877
   0.91823  0.01820  0.03026
   0.90387  0.02095  0.01247
   0.88918  0.02377 -0.00536
   0.87432  0.02665 -0.02380
   0.85934  0.02957 -0.04305
   0.84428  0.03253 -0.06329
   0.82914  0.03552 -0.08476
   0.81397  0.03854 -0.10736
   0.79880  0.04156 -0.13108
   0.78368  0.04456 -0.15557
   0.76867  0.04753 -0.18080
   0.75381  0.05043 -0.20606
   0.73911  0.05326 -0.23122
   0.72456  0.05600 -0.25557
   0.71015  0.05864 -0.27908
   0.69587  0.06118 -0.30047
   0.68169  0.06362 -0.32009
   0.66757  0.06595 -0.33646
   0.65347  0.06818 -0.35067
   0.63938  0.07031 -0.36363
   0.62528  0.07235 -0.37979
   0.61116  0.07429 -0.41060
   0.59701  0.07614 -0.47273
   0.58283  0.07790 -0.55998
   0.56862  0.07958 -0.56909
   0.55436  0.08117 -0.57830
   0.54005  0.08268 -0.58762
   0.52568  0.08411 -0.59713
   0.51127  0.08547 -0.60695
   0.49683  0.08676 -0.61725
   0.48240  0.08797 -0.62821
   0.46802  0.08911 -0.64004
   0.45374  0.09017 -0.65285
   0.43959  0.09113 -0.66685
   0.42561  0.09199 -0.68254
   0.41183  0.09274 -0.70027
   0.39827  0.09335 -0.72000
   0.38493  0.09383 -0.74078
   0.37178  0.09415 -0.76113
   0.35881  0.09431 -0.77981
   0.34597  0.09430 -0.79503
   0.33319  0.09412 -0.80585
   0.32040  0.09376 -0.81215
   0.30754  0.09323 -0.81544
   0.29459  0.09254 -0.81589
   0.28154  0.09169 -0.81697
   0.26842  0.09071 -0.81890
   0.25531  0.08960 -0.82439
   0.24230  0.08837 -0.83167
   0.22946  0.08703 -0.84217
   0.21686  0.08558 -0.85454
   0.20456  0.08401 -0.86724
   0.19259  0.08231 -0.88063
   0.18097  0.08049 -0.89199
   0.16972  0.07853 -0.90000
   0.15882  0.07643 -0.90550
   0.14826  0.07417 -0.90328
   0.13802  0.07176 -0.89542
   0.12810  0.06919 -0.88086
   0.11848  0.06646 -0.85748
   0.10918  0.06360 -0.82740
   0.10020  0.06062 -0.79260
   0.09158  0.05755 -0.75184
   0.08337  0.05442 -0.70716
   0.07559  0.05127 -0.65807
   0.06829  0.04816 -0.60724
   0.06149  0.04512 -0.55467
   0.05520  0.04220 -0.50463
   0.04943  0.03943 -0.46108
   0.04415  0.03684 -0.42118
   0.03935  0.03443 -0.39533
   0.03499  0.03222 -0.37845
   0.03103  0.03019 -0.37384
   0.02744  0.02833 -0.37618
   0.02417  0.02660 -0.38862
   0.02118  0.02499 -0.41071
   0.01844  0.02346 -0.43434
   0.01593  0.02198 -0.45929
   0.01363  0.02055 -0.48560
   0.01152  0.01914 -0.51837
   0.00961  0.01772 -0.53633
   0.00788  0.01629 -0.52889
   0.00635  0.01481 -0.48825
   0.00501  0.01326 -0.38278
   0.00384  0.01166 -0.24358
   0.00283  0.01000 -0.07634
   0.00199  0.00831  0.09946
   0.00131  0.00660  0.25787
   0.00079  0.00489  0.42003
   0.00041  0.00318  0.57108
   0.00016  0.00148  0.69624
   0.00003 -0.00020  0.80296
   0.00000 -0.00187  0.87724
   0.00008 -0.00355  0.93856
   0.00025 -0.00522  0.97937
   0.00054 -0.00691  0.99857
   0.00094 -0.00860  0.99603
   0.00147 -0.01029  0.97257
   0.00212 -0.01197  0.92229
   0.00291 -0.01362  0.85478
   0.00384 -0.01523  0.76685
   0.00490 -0.01679  0.65377
   0.00611 -0.01828  0.54254
   0.00748 -0.01969  0.42412
   0.00899 -0.02102  0.30977
   0.01066 -0.02227  0.21078
   0.01249 -0.02342  0.12235
   0.01447 -0.02448  0.05569
   0.01662 -0.02543  0.01425
   0.01895 -0.02629  0.00060
   0.02147 -0.02707  0.00029
   0.02421 -0.02778  0.01540
   0.02718 -0.02844  0.03153
   0.03041 -0.02907  0.05246
   0.03396 -0.02969  0.07321
   0.03788 -0.03032  0.09501
   0.04223 -0.03101  0.10948
   0.04706 -0.03177  0.11876
   0.05246 -0.03262  0.12091
   0.05847 -0.03359  0.11465
   0.06518 -0.03469  0.09948
   0.07266 -0.03590  0.07634
   0.08095 -0.03719  0.05128
   0.09003 -0.03853  0.02606
   0.09986 -0.03987  0.00360
   0.11039 -0.04117 -0.01519
   0.12159 -0.04242 -0.02844
   0.13343 -0.04359 -0.03924
   0.14586 -0.04468 -0.04644
   0.15880 -0.04571 -0.05274
   0.17217 -0.04667 -0.05857
   0.18582 -0.04756 -0.06650
   0.19960 -0.04837 -0.07500
   0.21343 -0.04909 -0.08367
   0.22730 -0.04970 -0.09054
   0.24122 -0.05020 -0.09619
   0.25521 -0.05060 -0.09919
   0.26929 -0.05089 -0.10159
   0.28346 -0.05108 -0.10204
   0.29771 -0.05118 -0.10228
   0.31204 -0.05120 -0.10125
   0.32645 -0.05112 -0.09964
   0.34094 -0.05097 -0.09736
   0.35551 -0.05073 -0.09446
   0.37016 -0.05043 -0.09086
   0.38491 -0.05005 -0.08690
   0.39975 -0.04960 -0.08233
   0.41469 -0.04910 -0.07782
   0.42973 -0.04855 -0.07325
   0.44486 -0.04795 -0.06884
   0.46005 -0.04731 -0.06474
   0.47527 -0.04664 -0.06126
   0.49050 -0.04595 -0.05825
   0.50569 -0.04522 -0.05567
   0.52082 -0.04446 -0.05341
   0.53587 -0.04366 -0.05108
   0.55084 -0.04282 -0.04845
   0.56573 -0.04192 -0.04519
   0.58058 -0.04097 -0.04107
   0.59542 -0.03995 -0.03576
   0.61028 -0.03887 -0.02938
   0.62522 -0.03772 -0.02211
   0.64028 -0.03650 -0.01427
   0.65549 -0.03524 -0.00632
   0.67084 -0.03393  0.00147
   0.68630 -0.03260  0.00894
   0.70180 -0.03127  0.01591
   0.71729 -0.02994  0.02235
   0.73272 -0.02863  0.02837
   0.74811 -0.02735  0.03400
   0.76349 -0.02610  0.03932
   0.77888 -0.02486  0.04440
   0.79424 -0.02364  0.04928
   0.80944 -0.02242  0.05399
   0.82439 -0.02119  0.05858
   0.83908 -0.01993  0.06298
   0.85356 -0.01862  0.06709
   0.86789 -0.01725  0.07084
   0.88201 -0.01586  0.07419
   0.89565 -0.01451  0.07701
   0.90855 -0.01330  0.07945
   0.92063 -0.01226  0.08169
   0.93197 -0.01144  0.08389
   0.94265 -0.01079  0.08614
   0.95258 -0.01027  0.08833
   0.96157 -0.00978  0.09032
   0.96963 -0.00920  0.10705
   0.97690 -0.00843  0.13179
   0.98358 -0.00735  0.15188
   0.98986 -0.00581  0.16668
   0.99593 -0.00362  0.17794
   1.00000 -0.00163  0.18455
