 0.94225E-03  0.60492E-04
   0.14693E-02  0.60538E-04
   0.21248E-02  0.57828E-04
   0.29121E-02  0.61357E-04
   0.38351E-02  0.61662E-04
   0.48990E-02  0.61757E-04
   0.61110E-02  0.65322E-04
   0.74757E-02  0.67841E-04
   0.89933E-02  0.71761E-04
   0.10665E-01  0.76950E-04
   0.12491E-01  0.82401E-04
   0.14474E-01  0.89707E-04
   0.16623E-01  0.98924E-04
   0.18950E-01  0.11100E-03
   0.21473E-01  0.12391E-03
   0.24209E-01  0.13956E-03
   0.27175E-01  0.15475E-03
   0.30409E-01  0.17175E-03
   0.33958E-01  0.18903E-03
   0.37878E-01  0.20762E-03
   0.42226E-01  0.22350E-03
   0.47064E-01  0.23826E-03
   0.52455E-01  0.25070E-03
   0.58466E-01  0.26036E-03
   0.65178E-01  0.26746E-03
   0.72661E-01  0.27297E-03
   0.80952E-01  0.28009E-03
   0.90033E-01  0.28855E-03
   0.99857E-01  0.29910E-03
   0.11039      0.31151E-03
   0.12159      0.32650E-03
   0.13343      0.34193E-03
   0.14586      0.35885E-03
   0.15880      0.37541E-03
   0.17217      0.39159E-03
   0.18582      0.40558E-03
   0.19960      0.41874E-03
   0.21343      0.43126E-03
   0.22730      0.44466E-03
   0.24122      0.45825E-03
   0.25521      0.47329E-03
   0.26929      0.48793E-03
   0.28346      0.50362E-03
   0.29771      0.51872E-03
   0.31204      0.53448E-03
   0.32645      0.55024E-03
   0.34094      0.56620E-03
   0.35551      0.58238E-03
   0.37016      0.59896E-03
   0.38491      0.61558E-03
   0.39975      0.63265E-03
   0.41469      0.64935E-03
   0.42973      0.66592E-03
   0.44486      0.68212E-03
   0.46005      0.69774E-03
   0.47527      0.71238E-03
   0.49050      0.72629E-03
   0.50569      0.73953E-03
   0.52082      0.75225E-03
   0.53587      0.76508E-03
   0.55084      0.77830E-03
   0.56573      0.79248E-03
   0.58058      0.80796E-03
   0.59542      0.82534E-03
   0.61028      0.84452E-03
   0.62522      0.86522E-03
   0.64028      0.88703E-03
   0.65549      0.90904E-03
   0.67084      0.93080E-03
   0.68630      0.95196E-03
   0.70180      0.97207E-03
   0.71729      0.99107E-03
   0.73272      0.10092E-02
   0.74811      0.10265E-02
   0.76349      0.10432E-02
   0.77888      0.10594E-02
   0.79424      0.10754E-02
   0.80944      0.10911E-02
   0.82439      0.11066E-02
   0.83908      0.11219E-02
   0.85356      0.11364E-02
   0.86789      0.11501E-02
   0.88201      0.11627E-02
   0.89565      0.11738E-02
   0.90855      0.11838E-02
   0.92063      0.11933E-02
   0.93197      0.12028E-02
   0.94265      0.12125E-02
   0.95258      0.12218E-02
   0.96157      0.12302E-02
   0.96963      0.13050E-02
   0.97690      0.14218E-02
   0.98358      0.15260E-02
   0.98986      0.16135E-02
   0.99593      0.16923E-02
    1.0000      0.17468E-02
    1.0001      0.59150E-02
    1.0048      0.59819E-02
    1.0101      0.61342E-02
    1.0163      0.62457E-02
    1.0233      0.63181E-02
    1.0312      0.63406E-02
    1.0403      0.63073E-02
    1.0507      0.62190E-02
    1.0626      0.60844E-02
    1.0762      0.59185E-02
    1.0916      0.57385E-02
    1.1092      0.55595E-02
    1.1294      0.53921E-02
    1.1523      0.52412E-02
    1.1786      0.51081E-02
    1.2085      0.49921E-02
    1.2426      0.48913E-02
    1.2815      0.48038E-02
    1.3260      0.47278E-02
    1.3767      0.46617E-02
    1.4346      0.46044E-02
    1.5006      0.45546E-02
    1.5760      0.45115E-02
    1.6620      0.44745E-02
    1.7601      0.44426E-02
    1.8721      0.44155E-02
    1.9999      0.43903E-02