   1.00000  0.00158  0.60727
   0.99523  0.00265  0.42967
   0.98730  0.00440  0.33353
   0.97836  0.00630  0.27257
   0.96834  0.00838  0.22628
   0.95724  0.01062  0.18893
   0.94510  0.01301  0.15827
   0.93204  0.01555  0.13198
   0.91823  0.01820  0.10774
   0.90387  0.02095  0.08595
   0.88918  0.02377  0.06464
   0.87432  0.02665  0.04278
   0.85934  0.02957  0.02049
   0.84428  0.03253 -0.00271
   0.82914  0.03552 -0.02710
   0.81397  0.03854 -0.05259
   0.79880  0.04156 -0.07918
   0.78368  0.04456 -0.10644
   0.76867  0.04753 -0.13469
   0.75381  0.05043 -0.16295
   0.73911  0.05326 -0.19130
   0.72456  0.05600 -0.21909
   0.71015  0.05864 -0.24636
   0.69587  0.06118 -0.27188
   0.68169  0.06362 -0.29677
   0.66757  0.06595 -0.31849
   0.65347  0.06818 -0.33933
   0.63938  0.07031 -0.35838
   0.62528  0.07235 -0.37630
   0.61116  0.07429 -0.39286
   0.59701  0.07614 -0.40934
   0.58283  0.07790 -0.42440
   0.56862  0.07958 -0.43899
   0.55436  0.08117 -0.45281
   0.54005  0.08268 -0.46621
   0.52568  0.08411 -0.47971
   0.51127  0.08547 -0.49378
   0.49683  0.08676 -0.50899
   0.48240  0.08797 -0.52639
   0.46802  0.08911 -0.54551
   0.45374  0.09017 -0.56726
   0.43959  0.09113 -0.59089
   0.42561  0.09199 -0.61544
   0.41183  0.09274 -0.64156
   0.39827  0.09335 -0.66831
   0.38493  0.09383 -0.69368
   0.37178  0.09415 -0.71668
   0.35881  0.09431 -0.73617
   0.34597  0.09430 -0.75199
   0.33319  0.09412 -0.76075
   0.32040  0.09376 -0.76328
   0.30754  0.09323 -0.76360
   0.29459  0.09254 -0.75926
   0.28154  0.09169 -0.75558
   0.26842  0.09071 -0.75267
   0.25531  0.08960 -0.75449
   0.24230  0.08837 -0.75936
   0.22946  0.08703 -0.76783
   0.21686  0.08558 -0.77895
   0.20456  0.08401 -0.79097
   0.19259  0.08231 -0.80390
   0.18097  0.08049 -0.81473
   0.16972  0.07853 -0.82273
   0.15882  0.07643 -0.82640
   0.14826  0.07417 -0.82488
   0.13802  0.07176 -0.81477
   0.12810  0.06919 -0.79789
   0.11848  0.06646 -0.77404
   0.10918  0.06360 -0.74337
   0.10020  0.06062 -0.70439
   0.09158  0.05755 -0.66320
   0.08337  0.05442 -0.61622
   0.07559  0.05127 -0.56644
   0.06829  0.04816 -0.51415
   0.06149  0.04512 -0.46070
   0.05520  0.04220 -0.40952
   0.04943  0.03943 -0.36085
   0.04415  0.03684 -0.31858
   0.03935  0.03443 -0.28479
   0.03499  0.03222 -0.26049
   0.03103  0.03019 -0.24757
   0.02744  0.02833 -0.23887
   0.02417  0.02660 -0.24226
   0.02118  0.02499 -0.25861
   0.01844  0.02346 -0.27875
   0.01593  0.02198 -0.29640
   0.01363  0.02055 -0.31097
   0.01152  0.01914 -0.33858
   0.00961  0.01772 -0.35650
   0.00788  0.01629 -0.34517
   0.00635  0.01481 -0.29662
   0.00501  0.01326 -0.19430
   0.00384  0.01166 -0.05093
   0.00283  0.01000  0.10836
   0.00199  0.00831  0.26573
   0.00131  0.00660  0.42123
   0.00079  0.00489  0.56302
   0.00041  0.00318  0.69464
   0.00016  0.00148  0.79791
   0.00003 -0.00020  0.88165
   0.00000 -0.00187  0.94021
   0.00008 -0.00355  0.98008
   0.00025 -0.00522  0.99828
   0.00054 -0.00691  0.99589
   0.00094 -0.00860  0.97182
   0.00147 -0.01029  0.92399
   0.00212 -0.01197  0.85453
   0.00291 -0.01362  0.76153
   0.00384 -0.01523  0.64941
   0.00490 -0.01679  0.52182
   0.00611 -0.01828  0.38787
   0.00748 -0.01969  0.25766
   0.00899 -0.02102  0.13869
   0.01066 -0.02227  0.02856
   0.01249 -0.02342 -0.06364
   0.01447 -0.02448 -0.12533
   0.01662 -0.02543 -0.15939
   0.01895 -0.02629 -0.16223
   0.02147 -0.02707 -0.14541
   0.02421 -0.02778 -0.11182
   0.02718 -0.02844 -0.08428
   0.03041 -0.02907 -0.05144
   0.03396 -0.02969 -0.01471
   0.03788 -0.03032  0.02132
   0.04223 -0.03101  0.03976
   0.04706 -0.03177  0.04923
   0.05246 -0.03262  0.05109
   0.05847 -0.03359  0.04352
   0.06518 -0.03469  0.02634
   0.07266 -0.03590  0.00221
   0.08095 -0.03719 -0.02097
   0.09003 -0.03853 -0.04473
   0.09986 -0.03987 -0.06555
   0.11039 -0.04117 -0.08017
   0.12159 -0.04242 -0.09209
   0.13343 -0.04359 -0.09883
   0.14586 -0.04468 -0.10384
   0.15880 -0.04571 -0.10707
   0.17217 -0.04667 -0.11167
   0.18582 -0.04756 -0.11946
   0.19960 -0.04837 -0.12838
   0.21343 -0.04909 -0.13639
   0.22730 -0.04970 -0.14312
   0.24122 -0.05020 -0.14757
   0.25521 -0.05060 -0.14962
   0.26929 -0.05089 -0.15052
   0.28346 -0.05108 -0.15036
   0.29771 -0.05118 -0.14956
   0.31204 -0.05120 -0.14796
   0.32645 -0.05112 -0.14538
   0.34094 -0.05097 -0.14214
   0.35551 -0.05073 -0.13897
   0.37016 -0.05043 -0.13429
   0.38491 -0.05005 -0.12997
   0.39975 -0.04960 -0.12430
   0.41469 -0.04910 -0.11859
   0.42973 -0.04855 -0.11353
   0.44486 -0.04795 -0.10843
   0.46005 -0.04731 -0.10452
   0.47527 -0.04664 -0.10086
   0.49050 -0.04595 -0.09924
   0.50569 -0.04522 -0.09736
   0.52082 -0.04446 -0.09710
   0.53587 -0.04366 -0.09609
   0.55084 -0.04282 -0.09488
   0.56573 -0.04192 -0.09300
   0.58058 -0.04097 -0.08981
   0.59542 -0.03995 -0.08471
   0.61028 -0.03887 -0.07781
   0.62522 -0.03772 -0.06927
   0.64028 -0.03650 -0.05913
   0.65549 -0.03524 -0.04876
   0.67084 -0.03393 -0.03844
   0.68630 -0.03260 -0.02808
   0.70180 -0.03127 -0.01887
   0.71729 -0.02994 -0.01101
   0.73272 -0.02863 -0.00432
   0.74811 -0.02735  0.00105
   0.76349 -0.02610  0.00457
   0.77888 -0.02486  0.00568
   0.79424 -0.02364  0.00551
   0.80944 -0.02242  0.00388
   0.82439 -0.02119  0.00363
   0.83908 -0.01993  0.00636
   0.85356 -0.01862  0.01331
   0.86789 -0.01725  0.02578
   0.88201 -0.01586  0.04293
   0.89565 -0.01451  0.06194
   0.90855 -0.01330  0.07753
   0.92063 -0.01226  0.08523
   0.93197 -0.01144  0.08049
   0.94265 -0.01079  0.05640
   0.95258 -0.01027  0.01745
   0.96157 -0.00978 -0.03908
   0.96963 -0.00920 -0.09642
   0.97690 -0.00843 -0.14349
   0.98358 -0.00735 -0.15021
   0.98986 -0.00581 -0.07462
   0.99593 -0.00362  0.14341
   1.00000 -0.00163  0.60727
