#  airfoilCW                                       
#  alpha =   2.0000
#  Mach  =   0.0000
#  Reyn  =   400000
#  Ncrit =   9.0000
#
#    x           cf
   0.53947E-03  0.11205E-02
   0.25354E-03  0.45061E-02
   0.76738E-04  0.74541E-02
   0.28454E-05  0.10810E-01
   0.28901E-04  0.12517E-01
   0.16031E-03  0.17985E-01
   0.40828E-03  0.18920E-01
   0.78719E-03  0.23854E-01
   0.13130E-02  0.24282E-01
   0.19945E-02  0.25652E-01
   0.28344E-02  0.28056E-01
   0.38362E-02  0.27497E-01
   0.50057E-02  0.25990E-01
   0.63525E-02  0.23589E-01
   0.78843E-02  0.17836E-01
   0.96067E-02  0.14410E-01
   0.11524E-01  0.10878E-01
   0.13634E-01  0.80434E-02
   0.15934E-01  0.72980E-02
   0.18441E-01  0.64775E-02
   0.21178E-01  0.57926E-02
   0.24169E-01  0.52591E-02
   0.27442E-01  0.55377E-02
   0.31034E-01  0.60765E-02
   0.34989E-01  0.64579E-02
   0.39349E-01  0.71229E-02
   0.44152E-01  0.76312E-02
   0.49429E-01  0.83381E-02
   0.55204E-01  0.85390E-02
   0.61490E-01  0.87443E-02
   0.68291E-01  0.87750E-02
   0.75590E-01  0.85941E-02
   0.83366E-01  0.83813E-02
   0.91583E-01  0.80665E-02
   0.10020      0.77556E-02
   0.10918      0.73708E-02
   0.11848      0.70107E-02
   0.12810      0.65772E-02
   0.13802      0.60292E-02
   0.14826      0.55025E-02
   0.15882      0.50053E-02
   0.16972      0.44279E-02
   0.18097      0.39929E-02
   0.19259      0.35813E-02
   0.20456      0.32230E-02
   0.21686      0.29884E-02
   0.22946      0.28042E-02
   0.24230      0.27050E-02
   0.25531      0.27023E-02
   0.26842      0.27092E-02
   0.28154      0.27846E-02
   0.29459      0.28206E-02
   0.30754      0.28336E-02
   0.32040      0.27324E-02
   0.33319      0.25542E-02
   0.34597      0.22748E-02
   0.35881      0.19177E-02
   0.37178      0.15155E-02
   0.38493      0.11157E-02
   0.39827      0.73507E-03
   0.41183      0.40436E-03
   0.42561      0.14744E-03
   0.43959     -0.35547E-04
   0.45374     -0.15290E-03
   0.46802     -0.21657E-03
   0.48240     -0.24860E-03
   0.49683     -0.26174E-03
   0.51127     -0.26399E-03
   0.52568     -0.25980E-03
   0.54005     -0.24975E-03
   0.55436     -0.23100E-03
   0.56862     -0.19196E-03
   0.58283     -0.96703E-04
   0.59701      0.65582E-03
   0.61116      0.17437E-02
   0.62528      0.30088E-02
   0.63938      0.41181E-02
   0.65347      0.48645E-02
   0.66757      0.52990E-02
   0.68169      0.55089E-02
   0.69587      0.55506E-02
   0.71015      0.54923E-02
   0.72456      0.53592E-02
   0.73911      0.51880E-02
   0.75381      0.49909E-02
   0.76867      0.47842E-02
   0.78368      0.45740E-02
   0.79880      0.43712E-02
   0.81397      0.41770E-02
   0.82914      0.39958E-02
   0.84428      0.38275E-02
   0.85934      0.36732E-02
   0.87432      0.35297E-02
   0.88918      0.33945E-02
   0.90387      0.32653E-02
   0.91823      0.31349E-02
   0.93204      0.29943E-02
   0.94510      0.28429E-02
   0.95724      0.26753E-02
   0.96834      0.24894E-02
   0.97836      0.22911E-02
   0.98730      0.20905E-02
   0.99523      0.18783E-02
    1.0000      0.18420E-02
    1.0001       0.0000    
    1.0048       0.0000    
    1.0101       0.0000    
    1.0163       0.0000    
    1.0233       0.0000    
    1.0312       0.0000    
    1.0403       0.0000    
    1.0507       0.0000    
    1.0626       0.0000    
    1.0762       0.0000    
    1.0916       0.0000    
    1.1092       0.0000    
    1.1294       0.0000    
    1.1523       0.0000    
    1.1786       0.0000    
    1.2085       0.0000    
    1.2426       0.0000    
    1.2815       0.0000    
    1.3260       0.0000    
    1.3767       0.0000    
    1.4346       0.0000    
    1.5006       0.0000    
    1.5760       0.0000    
    1.6620       0.0000    
    1.7601       0.0000    
    1.8721       0.0000    
    1.9999       0.0000    

   0.94225E-03  0.18683E-02
   0.14693E-02  0.49062E-02
   0.21248E-02  0.88276E-02
   0.29121E-02  0.10499E-01
   0.38351E-02  0.14460E-01
   0.48990E-02  0.16820E-01
   0.61110E-02  0.17441E-01
   0.74757E-02  0.19462E-01
   0.89933E-02  0.19146E-01
   0.10665E-01  0.18526E-01
   0.12491E-01  0.17988E-01
   0.14474E-01  0.16040E-01
   0.16623E-01  0.13749E-01
   0.18950E-01  0.10807E-01
   0.21473E-01  0.89327E-02
   0.24209E-01  0.66132E-02
   0.27175E-01  0.56010E-02
   0.30409E-01  0.43614E-02
   0.33958E-01  0.36317E-02
   0.37878E-01  0.29357E-02
   0.42226E-01  0.31316E-02
   0.47064E-01  0.33636E-02
   0.52455E-01  0.37567E-02
   0.58466E-01  0.42485E-02
   0.65178E-01  0.47525E-02
   0.72661E-01  0.51642E-02
   0.80952E-01  0.52247E-02
   0.90033E-01  0.51289E-02
   0.99857E-01  0.48822E-02
   0.11039      0.45744E-02
   0.12159      0.41780E-02
   0.13343      0.38889E-02
   0.14586      0.35813E-02
   0.15880      0.33771E-02
   0.17217      0.32249E-02
   0.18582      0.31952E-02
   0.19960      0.31614E-02
   0.21343      0.31209E-02
   0.22730      0.30117E-02
   0.24122      0.28945E-02
   0.25521      0.27223E-02
   0.26929      0.25912E-02
   0.28346      0.24326E-02
   0.29771      0.23171E-02
   0.31204      0.21877E-02
   0.32645      0.20725E-02
   0.34094      0.19620E-02
   0.35551      0.18552E-02
   0.37016      0.17472E-02
   0.38491      0.16489E-02
   0.39975      0.15482E-02
   0.41469      0.14673E-02
   0.42973      0.13961E-02
   0.44486      0.13380E-02
   0.46005      0.12947E-02
   0.47527      0.12713E-02
   0.49050      0.12579E-02
   0.50569      0.12510E-02
   0.52082      0.12461E-02
   0.53587      0.12318E-02
   0.55084      0.12053E-02
   0.56573      0.11594E-02
   0.58058      0.10927E-02
   0.59542      0.99929E-03
   0.61028      0.88547E-03
   0.62522      0.75835E-03
   0.64028      0.62540E-03
   0.65549      0.50004E-03
   0.67084      0.38690E-03
   0.68630      0.28858E-03
   0.70180      0.21030E-03
   0.71729      0.15165E-03
   0.73272      0.10826E-03
   0.74811      0.78362E-04
   0.76349      0.59779E-04
   0.77888      0.49525E-04
   0.79424      0.41345E-04
   0.80944      0.30919E-04
   0.82439      0.96065E-05
   0.83908     -0.24114E-04
   0.85356     -0.64828E-04
   0.86789     -0.10232E-03
   0.88201     -0.12709E-03
   0.89565     -0.13801E-03
   0.90855     -0.14051E-03
   0.92063     -0.14002E-03
   0.93197     -0.13854E-03
   0.94265     -0.13537E-03
   0.95258     -0.12804E-03
   0.96157     -0.11494E-03
   0.96963     -0.74894E-04
   0.97690     -0.34298E-04
   0.98358     -0.47994E-04
   0.98986     -0.85197E-04
   0.99593     -0.93756E-04
    1.0000     -0.86707E-04
    1.0001       0.0000    
    1.0048       0.0000    
    1.0101       0.0000    
    1.0163       0.0000    
    1.0233       0.0000    
    1.0312       0.0000    
    1.0403       0.0000    
    1.0507       0.0000    
    1.0626       0.0000    
    1.0762       0.0000    
    1.0916       0.0000    
    1.1092       0.0000    
    1.1294       0.0000    
    1.1523       0.0000    
    1.1786       0.0000    
    1.2085       0.0000    
    1.2426       0.0000    
    1.2815       0.0000    
    1.3260       0.0000    
    1.3767       0.0000    
    1.4346       0.0000    
    1.5006       0.0000    
    1.5760       0.0000    
    1.6620       0.0000    
    1.7601       0.0000    
    1.8721       0.0000    
    1.9999       0.0000    

